147 177 69 63 0 39 45 141 1 8 87 159 201 189 134 231 17 50 135 93 57 165 219 51 237 212 207 183 15 171 129 221 213 2 27 123 81 195 152 9 164 105 12 143 75 122 33 26 117 99 162 48 21 111 20 230 145 3 153 5 25 187 169 83 225 74 11 68 62 43 233 14 158 197 114 119 128 182 44 18 104 97 146 73 168 140 24 149 80 188 170 86 150 19 209 157 193 138 198 176 180 120 71 56 109 101 110 116 7 205 206 77 38 163 115 72 95 139 53 92 126 194 61 36 228 103 60 66 89 49 13 6 32 211 203 113 220 29 172 239 54 224 78 98 223 132 151 186 234 160 31 218 217 84 144 200 222 226 90 40 133 199 236 65 121 16 174 55 142 102 85 210 229 127 35 204 175 216 10 107 185 235 130 30 178 94 215 191 67 156 91 59 4 96 173 241 100 58 23 47 148 76 240 166 28 214 106 179 124 192 131 190 184 202 181 118 167 82 41 196 37 108 227 136 88 79 137 42 238 64 46 125 155 70 208 52 232 154 22 112 34 161 
147 177 69 63 0 39 45 141 1 8 87 159 201 189 134 231 17 50 135 93 57 165 219 51 237 212 207 183 15 171 129 221 213 2 27 123 81 195 152 9 164 105 200 143 75 122 33 26 117 99 162 48 21 111 20 230 113 3 153 5 25 227 169 83 225 74 11 68 62 176 233 224 92 197 161 119 128 182 44 52 104 41 146 155 168 140 24 149 80 188 170 86 203 107 209 185 137 125 198 43 180 120 71 56 109 101 110 116 181 112 206 167 38 163 65 144 95 139 53 158 235 194 61 82 228 6 88 66 239 106 31 46 32 211 184 232 220 29 172 96 54 14 202 98 223 136 151 186 234 160 13 218 215 118 226 35 222 84 196 40 133 199 236 77 121 16 174 58 142 102 28 210 64 89 12 37 175 100 10 103 4 126 131 30 178 94 217 191 115 156 78 59 157 127 173 241 145 154 23 47 148 76 240 166 85 214 55 179 132 192 130 190 150 36 193 73 67 187 97 204 205 238 49 124 19 79 229 42 108 90 91 138 72 70 60 208 216 18 22 7 34 114 
147 177 69 63 0 39 45 141 1 8 87 159 201 189 134 231 17 50 135 93 57 165 219 51 237 212 207 183 15 171 129 221 213 2 27 123 81 195 152 9 164 105 200 143 75 122 33 26 117 99 162 48 21 111 20 230 7 3 153 5 25 157 169 79 225 74 11 68 62 43 233 14 92 102 114 119 128 182 44 49 104 197 146 73 168 140 24 149 80 188 170 86 150 19 209 55 42 138 126 176 180 120 71 194 109 101 60 32 66 205 206 228 38 163 115 72 95 158 210 199 198 56 145 36 67 193 110 232 96 90 13 174 116 211 203 113 220 29 124 239 54 224 78 98 223 132 151 186 234 160 31 218 217 84 144 35 222 226 18 40 133 204 236 103 121 16 6 216 142 97 85 53 229 127 12 61 175 139 187 107 227 235 131 30 178 94 167 191 77 156 202 59 4 89 173 241 181 154 23 47 148 76 240 166 28 214 185 179 172 192 130 190 184 91 106 118 215 82 41 196 37 108 100 136 88 83 65 137 238 64 46 125 155 70 208 52 10 58 22 112 34 161 
147 177 69 63 0 39 45 141 1 8 87 159 201 189 134 231 17 212 135 93 57 165 219 51 237 50 207 183 15 171 129 221 213 2 27 123 81 195 152 9 164 105 200 143 75 122 33 26 117 99 162 48 21 111 20 230 113 3 153 5 25 227 169 83 225 74 11 68 62 176 233 224 158 197 114 119 128 182 44 90 104 97 146 73 168 140 24 149 80 188 170 86 150 19 209 55 42 138 126 43 180 120 71 194 109 101 60 32 66 205 206 228 38 163 115 72 95 92 210 199 198 56 145 36 67 193 110 232 96 49 13 174 116 211 203 7 220 29 124 239 54 14 78 98 223 132 151 186 234 160 31 218 217 84 144 35 222 226 18 40 133 204 236 103 121 16 6 216 142 102 85 53 229 127 12 61 175 139 187 107 157 235 131 30 178 94 167 191 77 156 202 59 4 89 173 241 181 154 23 47 148 76 240 166 28 214 185 179 172 192 130 190 184 91 106 118 215 82 41 196 37 108 100 136 88 79 65 137 238 64 46 125 155 70 208 52 10 58 22 112 34 161 
147 177 69 63 0 39 45 141 1 8 87 159 201 189 134 231 17 50 135 93 57 165 219 51 237 212 207 183 15 171 129 221 213 2 27 123 81 195 152 9 164 105 200 143 75 122 33 26 117 99 162 48 21 111 20 230 113 3 153 5 25 227 169 83 225 74 11 68 62 176 233 224 158 197 114 119 128 182 44 90 104 97 146 73 168 140 24 149 80 188 170 86 150 19 209 157 193 138 198 43 180 120 71 56 109 101 110 116 7 205 206 228 38 163 77 72 95 139 53 92 126 194 61 36 115 103 60 66 96 49 13 6 32 211 203 145 220 29 172 239 54 14 78 98 223 132 151 186 234 160 31 218 217 84 144 12 222 226 18 40 133 199 236 65 121 16 174 55 142 102 85 210 229 127 35 204 175 216 10 107 185 235 130 30 178 94 215 191 67 156 91 59 4 89 173 241 232 100 23 47 148 76 240 166 28 214 58 179 136 192 131 190 184 82 137 155 167 154 41 37 22 238 196 124 46 79 64 42 108 106 202 125 181 70 208 88 52 118 112 187 34 161 
147 177 69 63 0 39 45 141 1 8 87 159 201 189 134 231 17 50 135 93 57 165 219 51 237 212 207 183 15 171 129 221 213 2 27 123 81 195 152 9 164 105 200 143 75 122 33 26 117 99 162 48 21 111 20 230 113 3 153 5 25 227 169 83 225 74 11 68 62 176 233 224 158 197 114 119 128 182 44 90 104 102 146 73 168 140 24 149 80 188 170 86 150 19 209 185 193 138 198 43 180 120 71 56 109 101 110 116 7 205 206 228 38 163 67 72 95 55 210 92 126 194 199 36 115 65 60 66 96 49 13 174 32 211 203 145 220 29 172 239 54 14 78 98 223 132 151 186 234 160 31 218 217 84 144 35 222 226 18 40 133 204 236 103 121 16 6 216 142 97 85 53 229 127 12 61 175 139 187 107 157 235 131 30 178 94 167 191 77 156 91 59 4 89 173 241 232 100 23 47 148 76 240 166 28 214 58 179 136 192 130 190 184 82 137 155 215 154 41 37 22 238 196 124 46 79 64 42 108 106 202 125 181 70 208 88 52 118 112 10 34 161 
147 177 69 63 0 39 45 141 1 8 87 159 201 189 134 231 17 50 135 93 57 165 219 51 237 212 207 183 15 171 129 221 213 2 27 123 81 195 152 9 164 105 200 143 75 122 33 26 117 99 162 48 21 111 20 230 113 3 153 5 25 227 169 83 225 74 11 68 62 43 233 224 158 197 114 119 128 182 44 90 104 97 146 73 168 140 24 149 80 188 170 86 203 19 209 157 193 138 198 176 180 120 71 56 109 101 110 116 7 205 206 77 38 163 115 151 95 139 53 92 185 194 49 36 228 65 60 66 239 55 31 6 32 211 150 61 220 29 172 96 54 14 78 98 223 132 72 186 234 160 13 218 217 84 144 12 222 226 18 40 127 199 236 103 23 16 174 145 142 102 28 210 229 133 35 204 175 216 10 107 126 235 131 30 178 94 215 191 167 156 91 59 4 89 173 241 100 58 121 47 148 76 240 166 85 214 154 179 136 192 130 190 184 82 137 155 67 106 41 37 22 238 196 124 46 79 64 42 108 52 202 125 118 70 208 88 187 232 112 181 34 161 
147 177 69 63 0 39 45 141 1 8 87 159 201 189 134 231 17 50 135 93 57 165 219 51 237 212 207 183 15 171 129 90 140 2 27 123 81 195 152 9 164 105 12 143 75 122 33 26 117 99 162 48 21 111 20 230 7 3 153 5 25 157 169 79 225 74 11 68 62 43 233 14 92 102 114 119 128 182 44 49 104 197 146 73 168 213 24 149 80 188 170 86 150 19 209 55 42 138 126 176 180 120 71 194 109 101 60 32 66 205 206 228 38 163 115 72 95 158 210 199 198 56 145 36 67 193 110 232 96 221 13 174 116 211 203 113 220 29 172 239 54 224 78 98 223 132 151 186 234 160 31 218 217 84 144 35 222 226 18 40 133 204 236 103 121 16 6 216 142 97 85 53 229 127 200 61 175 139 187 107 227 235 131 30 178 94 167 191 77 156 202 59 4 89 173 241 181 154 23 47 148 76 240 166 28 214 185 179 124 192 130 190 184 91 106 41 215 82 118 196 37 108 100 136 88 83 65 137 238 64 46 125 155 70 208 52 10 58 22 112 34 161 
147 177 69 63 0 39 45 141 1 8 87 159 201 189 134 231 17 98 135 93 57 165 219 51 237 212 207 183 15 171 129 221 213 2 27 123 81 195 152 9 164 105 35 143 75 122 33 26 117 99 162 239 21 111 20 230 113 3 153 5 236 227 169 83 225 74 11 68 62 176 233 224 49 197 161 119 128 182 44 92 104 41 146 77 168 140 24 149 80 188 170 86 203 155 209 185 137 125 198 43 180 120 71 56 109 101 110 116 181 205 206 167 38 163 65 72 95 139 53 158 235 194 61 88 228 107 60 66 48 106 31 6 32 211 150 145 220 29 172 96 54 14 202 50 223 136 151 186 234 160 13 218 215 118 226 200 222 84 196 40 133 199 25 103 121 16 78 58 142 102 28 210 193 89 12 37 175 100 10 91 4 126 131 30 178 94 217 191 115 156 216 59 157 127 173 241 90 55 23 47 148 76 240 166 85 214 19 179 132 192 130 190 184 36 7 73 67 144 97 204 22 238 18 124 46 79 229 42 108 64 174 138 82 70 208 52 187 154 232 112 34 114 
147 177 69 63 0 39 45 141 1 8 87 159 201 189 134 231 17 50 135 93 57 165 219 51 237 212 207 183 15 171 129 221 213 2 27 123 81 195 152 9 164 105 200 143 75 122 33 26 117 99 162 48 21 111 20 230 113 3 153 5 25 227 169 83 225 74 11 68 62 176 233 224 158 197 161 119 128 182 44 196 104 41 146 155 168 140 24 149 80 188 170 86 203 107 209 185 137 125 198 43 180 120 71 56 109 101 110 116 181 112 206 167 38 163 65 118 95 139 53 92 235 194 61 82 228 19 60 66 239 106 31 46 32 211 184 232 220 29 172 96 54 14 78 98 223 136 151 131 234 160 13 218 215 84 144 35 222 226 18 40 133 199 236 103 121 16 174 216 142 102 28 210 64 89 12 37 175 100 10 77 4 126 186 30 178 94 217 191 115 156 202 59 157 127 173 241 145 154 23 47 148 76 240 166 85 214 55 179 132 192 130 190 150 36 193 73 67 49 97 204 22 238 90 124 6 79 229 42 108 52 91 138 72 70 208 88 187 58 205 7 34 114 
147 177 69 63 0 39 45 141 1 8 87 159 201 189 134 231 17 50 135 93 57 165 219 51 237 212 207 183 15 171 129 221 213 2 27 123 81 195 152 9 164 105 200 143 75 122 33 26 117 99 162 118 21 111 20 230 113 3 153 5 236 227 169 83 225 74 11 68 62 176 233 224 158 197 161 119 128 182 44 52 104 41 146 155 168 140 76 149 80 188 170 86 203 107 209 185 137 125 198 43 180 120 71 56 109 101 110 116 181 112 206 167 38 163 65 64 95 139 53 92 235 194 61 82 228 77 60 66 239 106 31 88 32 211 184 232 220 29 172 96 54 14 174 98 223 136 151 186 234 160 13 218 215 84 144 12 222 226 100 40 133 126 25 103 121 16 6 58 142 102 28 210 196 89 35 91 175 37 10 19 4 199 131 30 178 94 217 191 67 156 204 59 157 127 173 241 145 18 23 47 148 24 240 166 85 214 55 179 132 192 130 190 150 36 7 73 115 154 97 216 22 238 229 124 46 79 72 42 108 90 202 138 193 70 208 78 49 48 205 187 34 114 
147 177 69 63 0 39 45 141 1 8 87 159 201 189 134 231 17 98 135 93 57 165 219 51 237 212 207 183 15 171 129 221 213 2 27 123 81 195 152 9 164 105 200 143 75 122 33 26 117 99 162 60 21 111 20 230 113 3 153 5 236 227 169 83 225 74 11 68 62 176 233 224 92 197 161 119 128 182 44 52 104 41 146 155 168 140 24 149 80 188 170 86 203 107 209 185 137 125 198 43 180 120 71 56 109 101 110 116 181 112 206 167 38 163 65 144 95 139 53 158 235 194 61 82 228 19 88 66 239 106 31 6 32 211 184 232 220 29 172 96 54 14 202 50 223 136 151 186 234 160 13 218 215 118 226 35 222 84 196 40 133 199 25 77 121 16 174 58 142 102 28 210 64 89 12 37 175 145 10 103 157 126 131 30 178 94 217 191 67 156 91 59 4 127 173 241 100 49 23 47 148 76 73 166 85 214 154 179 132 192 130 190 150 36 193 240 115 55 97 204 22 238 18 124 46 79 229 42 108 90 78 138 72 70 208 48 187 216 205 7 34 114 
147 177 69 63 0 39 45 141 1 8 87 159 201 189 134 231 17 50 135 93 57 165 219 51 237 212 207 183 15 171 129 90 140 2 27 123 81 195 152 9 164 105 200 143 75 122 33 26 117 99 162 48 21 111 20 230 7 3 153 5 25 157 169 79 225 74 11 68 62 43 233 14 92 102 114 119 128 182 44 49 104 197 146 73 168 213 24 149 80 188 170 86 150 19 209 55 42 138 126 176 180 120 71 194 109 101 60 32 66 205 206 228 38 163 115 72 95 158 210 199 198 56 145 36 67 193 110 232 96 221 13 174 116 211 203 113 220 29 124 239 54 224 78 98 223 132 151 186 234 160 31 218 217 84 144 35 222 226 18 40 133 204 236 103 121 16 6 216 142 97 85 53 229 127 12 61 175 139 187 107 227 235 131 30 178 94 167 191 77 156 202 59 4 89 173 241 181 154 23 47 148 76 240 166 28 214 185 179 172 192 130 190 184 91 106 118 215 82 41 196 37 108 100 136 88 83 65 137 238 64 46 125 155 70 208 52 10 58 22 112 34 161 
147 177 69 63 0 39 45 141 1 8 87 159 201 189 134 231 17 50 135 93 57 165 219 51 237 212 207 183 15 171 129 221 213 2 27 123 81 195 152 9 164 105 200 143 75 122 33 26 117 99 162 48 21 111 20 230 113 3 153 5 236 227 169 83 225 74 11 68 62 176 233 224 158 197 161 119 128 182 44 52 104 41 146 155 168 140 76 149 80 188 170 86 203 107 209 185 137 125 198 43 180 120 71 56 109 101 110 116 181 112 206 167 38 163 65 64 95 139 53 92 235 194 61 36 228 77 60 66 239 55 31 6 32 211 150 145 220 29 172 96 54 14 78 98 223 132 151 186 234 160 13 218 215 84 144 12 222 226 18 40 133 199 25 19 72 16 174 58 229 102 28 210 142 89 35 204 175 100 10 103 157 126 130 30 178 94 217 191 67 156 91 59 4 127 173 241 216 90 23 47 148 24 240 166 85 214 154 179 136 192 131 190 184 82 7 73 115 118 97 37 22 238 196 124 46 79 49 42 108 121 202 138 106 70 208 88 187 232 205 193 34 114 
147 177 69 63 0 39 45 141 1 8 87 159 201 189 134 231 17 50 135 93 57 165 219 51 237 212 207 183 15 171 129 221 213 2 27 123 81 195 152 9 164 105 200 143 75 122 33 26 117 99 162 48 21 111 20 230 113 3 153 5 25 227 169 83 225 74 11 68 62 43 233 224 158 197 114 119 128 182 44 90 104 97 146 73 168 140 24 149 80 188 170 86 203 19 209 157 193 138 198 176 180 120 71 56 109 101 110 116 7 205 206 77 38 163 115 151 95 139 53 92 185 194 49 36 228 65 60 66 239 55 31 6 32 211 150 232 220 29 172 96 54 14 78 98 223 222 72 186 234 160 13 218 217 84 144 35 132 226 18 40 133 204 236 103 121 16 174 216 142 102 85 210 229 127 12 61 175 199 187 107 145 235 131 30 178 94 167 191 67 156 202 59 4 89 173 241 181 154 23 47 148 76 240 166 28 214 126 179 124 192 130 190 184 91 106 41 215 82 118 196 37 108 100 136 88 79 42 137 238 64 46 125 155 70 208 52 10 58 22 112 34 161 
147 177 69 63 0 39 45 141 1 8 87 159 201 189 134 231 17 50 135 93 57 165 219 51 237 212 207 183 15 171 129 221 213 2 27 123 81 195 152 9 164 105 200 143 75 122 33 26 117 99 162 48 21 111 20 230 113 3 153 5 236 227 169 83 225 74 11 68 62 176 233 224 158 197 161 119 128 182 44 72 104 41 146 155 168 140 24 149 80 188 170 86 203 107 209 185 137 125 198 43 180 120 71 56 109 101 110 116 181 112 206 167 38 163 77 49 95 139 53 92 235 194 61 36 228 65 60 66 239 55 31 6 32 211 150 145 220 29 172 96 54 14 78 98 223 132 151 186 173 160 13 218 215 84 144 12 222 226 18 40 133 126 25 103 121 16 174 58 142 102 28 210 229 89 35 90 175 100 10 19 4 199 131 30 178 94 217 191 115 156 202 59 157 127 234 241 232 154 23 47 148 76 240 166 85 214 204 179 136 192 130 190 184 82 7 73 67 118 97 37 22 238 196 124 46 79 64 42 108 52 91 138 106 70 208 88 187 216 205 193 34 114 
147 177 69 63 0 39 45 141 1 8 87 159 201 189 134 231 17 50 135 93 57 165 219 51 237 212 207 183 15 171 129 221 213 2 27 123 81 195 152 9 164 105 200 143 75 122 33 26 117 99 162 48 21 111 20 230 113 3 153 5 25 227 169 83 225 74 11 68 62 176 233 224 158 197 161 119 128 182 44 72 104 41 146 155 168 140 24 149 80 188 170 86 203 107 209 185 137 125 198 43 180 120 71 56 109 101 110 116 181 112 206 167 38 163 77 49 95 139 53 92 235 194 61 82 228 65 60 66 239 55 31 6 32 211 150 145 220 29 172 96 54 14 202 98 223 136 151 186 234 160 13 218 215 118 226 35 222 84 196 40 133 199 236 46 121 16 174 58 142 102 28 210 64 89 12 37 175 100 10 103 4 126 131 30 178 94 217 191 115 156 78 59 157 127 173 241 232 154 23 47 148 76 240 166 85 214 106 179 132 192 130 190 184 36 193 73 67 187 97 204 205 238 144 124 19 79 229 42 108 90 91 138 52 70 88 208 216 18 22 7 34 114 
147 177 69 63 0 39 45 141 1 8 87 159 201 189 134 231 17 50 135 93 57 165 219 51 237 212 207 183 15 171 129 221 213 2 27 123 81 195 152 9 164 105 200 143 75 122 33 26 117 99 162 48 21 111 20 230 113 3 153 5 25 227 169 83 225 74 11 68 62 176 233 224 92 197 161 119 128 182 44 90 104 97 146 73 168 140 24 149 80 188 170 86 203 19 209 157 193 138 198 43 180 120 71 56 109 101 110 116 7 205 206 228 38 163 174 72 95 199 53 158 235 194 204 36 167 65 61 66 96 55 13 77 32 211 150 145 220 29 175 239 60 14 78 98 223 132 151 186 234 160 31 218 217 84 144 12 222 226 18 40 133 139 236 103 121 16 6 49 142 102 85 210 229 127 35 54 172 216 10 107 185 126 130 30 178 94 215 191 67 156 91 59 4 89 173 241 232 100 23 47 148 76 240 166 28 214 154 179 136 192 131 190 184 82 137 155 115 106 41 37 22 238 196 124 46 79 64 42 108 52 202 125 118 70 208 88 187 58 112 181 34 114 
147 177 69 63 0 39 45 141 1 8 87 159 201 189 134 231 17 98 135 93 57 165 219 51 237 212 207 183 15 171 129 221 213 2 27 123 81 195 152 9 164 105 35 143 75 122 33 26 117 99 162 239 21 111 20 230 113 3 153 5 236 227 169 83 225 74 11 68 62 176 233 224 49 197 161 119 128 182 44 92 104 41 146 77 168 140 24 149 80 188 170 86 203 155 209 185 137 125 198 43 180 120 71 56 109 101 110 116 181 205 206 167 38 163 65 72 95 139 53 158 235 194 61 88 228 107 60 66 48 106 31 6 32 211 150 145 220 29 172 96 54 14 202 50 223 136 151 186 234 160 13 218 215 118 226 200 222 84 196 40 133 199 25 103 121 16 78 58 142 102 28 210 193 89 12 37 175 100 10 91 4 126 131 30 178 94 217 191 115 156 216 59 157 127 173 241 90 55 23 47 148 76 240 166 85 214 19 179 132 192 130 190 184 36 7 73 67 144 97 204 22 238 18 124 46 79 64 42 108 52 174 138 154 70 208 82 187 232 112 229 34 114 
147 177 69 63 0 39 45 141 1 8 87 159 201 189 134 231 17 50 135 93 57 165 219 51 237 212 207 183 15 171 129 221 213 2 27 123 81 195 152 9 164 105 200 143 75 122 33 26 117 99 162 48 21 111 20 230 113 3 153 5 236 227 169 83 225 74 11 68 62 176 233 224 158 197 161 119 128 182 44 52 104 41 146 155 168 140 76 149 80 188 170 86 203 107 209 185 137 125 198 43 180 120 71 56 109 101 110 116 181 112 206 167 38 163 65 118 95 139 53 92 235 194 61 82 228 19 60 66 239 106 31 46 32 211 184 232 220 29 172 96 54 14 78 98 223 136 151 131 234 160 13 218 215 84 144 35 222 226 18 40 133 199 25 103 121 16 174 216 142 102 28 210 64 89 12 37 175 100 10 77 4 126 186 30 178 94 217 191 115 156 202 59 157 127 173 241 145 154 23 47 148 24 240 166 85 214 55 179 132 192 130 190 150 36 193 73 67 49 97 204 22 238 90 124 6 79 229 42 108 196 91 138 72 70 208 88 187 58 205 7 34 114 
147 177 69 63 0 39 45 141 1 8 87 159 201 189 134 231 17 50 135 93 57 165 219 51 237 212 207 183 15 171 129 221 213 2 27 123 81 195 152 9 164 105 200 143 75 122 33 26 117 99 162 118 21 111 20 230 113 3 153 5 236 227 169 83 225 74 11 68 62 176 233 224 158 197 161 119 128 182 44 52 104 41 146 155 168 140 76 149 80 188 170 86 203 107 209 185 137 125 198 43 180 120 71 56 109 101 110 116 181 112 206 167 38 163 77 49 95 139 53 92 235 194 61 82 228 65 60 66 239 55 31 6 32 211 150 145 220 29 172 96 54 14 78 98 223 132 151 186 234 160 13 218 217 84 144 35 222 226 18 40 133 199 25 103 121 16 88 58 142 102 28 210 196 89 12 91 175 37 10 19 4 126 131 30 178 94 215 191 115 156 202 59 70 127 173 241 216 90 23 47 148 24 240 166 85 214 154 179 136 192 130 190 184 36 7 73 67 64 97 204 22 238 100 124 46 79 229 42 108 72 174 138 106 157 208 48 187 232 205 193 34 114 
147 177 69 63 0 39 45 141 1 8 87 159 201 189 134 231 17 50 135 93 57 165 219 51 237 212 207 183 15 171 129 221 213 2 27 123 81 195 152 9 164 105 200 143 75 122 33 26 117 99 162 48 21 111 20 230 113 3 153 5 236 227 169 83 225 74 11 68 62 240 233 224 92 197 114 119 128 182 44 90 104 97 146 73 168 140 24 149 80 188 170 86 203 19 209 185 137 125 198 176 180 120 71 56 109 101 110 116 193 205 206 228 38 163 174 72 95 199 53 158 235 194 204 36 167 65 61 66 96 55 13 77 32 211 150 145 220 29 175 239 60 14 78 98 223 132 151 186 234 160 31 218 215 84 144 12 222 226 18 40 133 139 25 107 121 16 6 58 142 102 85 210 229 89 35 54 172 216 10 103 157 126 130 30 178 88 138 191 67 156 91 59 4 127 173 241 100 49 23 47 148 76 155 166 28 214 154 179 136 192 131 190 184 82 7 43 115 106 41 37 22 238 196 124 46 79 64 42 108 52 202 217 118 70 208 94 187 232 112 181 34 161 
147 177 69 63 0 39 45 141 1 8 87 159 201 189 134 231 17 50 135 93 57 165 219 51 237 212 207 183 15 171 129 221 213 2 27 123 81 195 152 9 164 105 200 143 75 122 33 26 117 99 162 48 21 111 20 230 113 3 153 5 236 227 169 83 225 74 11 68 62 176 233 224 158 197 161 119 128 182 44 52 104 41 146 155 168 140 24 149 80 188 170 86 203 107 209 185 137 125 198 43 180 120 71 56 109 101 110 116 181 112 206 167 38 163 65 72 95 150 53 92 235 194 61 82 228 77 60 66 239 106 31 46 32 211 184 232 220 29 172 96 54 14 78 98 223 136 151 186 234 160 13 218 215 84 144 12 222 226 18 40 133 199 25 19 121 16 174 58 229 102 28 210 142 89 35 204 175 100 10 103 157 126 130 30 178 94 217 191 67 156 91 59 4 127 173 241 216 90 23 47 148 76 240 166 85 214 55 179 132 192 131 190 139 36 7 73 115 118 97 37 22 238 196 124 6 79 64 42 108 49 202 138 154 70 208 88 187 145 205 193 34 114 
147 177 69 63 0 39 45 141 1 8 87 159 201 189 134 231 17 98 135 93 57 165 219 51 237 212 207 183 15 171 129 221 213 2 27 123 81 195 152 9 164 105 200 143 75 122 33 26 117 99 162 239 21 111 20 230 113 3 153 5 236 227 169 83 225 74 11 68 62 176 233 224 92 197 161 119 128 182 44 49 104 41 146 155 168 140 24 149 80 188 170 86 203 77 209 185 137 125 198 43 180 120 71 56 109 101 110 116 181 112 206 167 38 163 65 72 95 139 53 158 235 194 61 88 228 107 60 66 48 106 31 6 32 211 150 145 220 29 172 96 54 14 78 50 223 132 151 186 234 160 13 218 217 84 144 35 222 226 18 40 133 187 25 103 121 16 174 90 142 102 28 210 229 127 12 204 175 216 10 19 126 157 131 30 178 94 215 191 115 156 91 59 4 89 173 241 100 58 23 47 148 76 240 166 85 214 154 179 136 192 130 190 184 82 7 73 67 118 97 37 22 238 196 124 46 79 64 42 108 55 202 138 52 70 36 208 232 199 205 193 34 114 
147 177 69 63 0 39 45 141 1 8 87 159 201 189 134 231 17 50 135 93 57 165 219 51 237 212 207 183 15 171 129 221 213 2 27 123 81 195 152 9 164 105 200 143 75 122 33 26 117 99 162 48 21 111 20 230 113 3 153 5 236 227 169 83 225 74 11 68 62 176 233 224 158 197 161 119 128 182 44 72 104 41 146 155 168 140 76 149 80 188 170 86 203 107 209 185 137 125 198 43 180 120 71 56 109 101 110 116 181 112 206 167 38 163 65 64 95 139 53 92 235 194 61 82 228 77 60 66 239 106 31 88 32 211 150 145 220 29 172 96 54 14 78 98 223 132 151 186 234 160 13 218 217 84 144 35 222 226 18 40 133 199 25 103 121 16 174 90 142 102 28 210 229 127 12 204 175 216 10 19 126 157 131 30 178 94 215 191 115 156 91 59 4 89 173 241 100 58 23 47 148 24 240 166 85 214 154 179 136 192 130 190 184 36 7 73 67 118 97 37 22 238 196 124 46 79 49 42 108 52 202 138 55 70 208 6 187 232 205 193 34 114 
147 177 69 63 0 39 45 141 1 8 87 159 201 189 134 231 17 50 135 93 57 165 219 51 237 212 207 183 15 171 129 221 213 2 27 123 81 195 152 9 164 105 200 143 75 122 33 26 117 99 162 60 21 111 20 230 113 3 153 5 236 227 169 83 225 74 11 68 62 176 233 224 92 197 161 119 128 182 44 90 104 97 146 73 168 140 24 149 80 188 170 86 203 19 209 185 193 138 198 43 180 120 71 56 109 101 110 116 7 205 206 228 38 163 174 72 95 199 210 158 126 194 204 36 215 65 54 66 96 55 13 67 32 211 150 145 220 29 172 239 48 14 78 98 223 132 151 186 234 160 31 218 217 84 144 35 222 226 18 40 133 216 25 103 121 16 6 49 142 102 85 53 229 127 12 61 175 139 187 107 157 235 131 30 178 94 167 191 77 156 91 59 4 89 173 241 232 100 23 47 148 76 240 166 28 214 58 179 136 192 130 190 184 82 137 155 115 106 41 37 22 238 196 124 46 79 64 42 108 52 202 125 118 70 208 88 10 154 112 181 34 114 
147 177 69 63 0 39 45 141 1 8 87 159 201 189 134 231 17 50 135 93 57 165 219 51 237 212 207 183 15 171 129 221 213 2 27 123 81 195 152 9 164 105 200 143 75 122 33 26 117 99 162 48 21 111 20 230 113 3 153 5 25 227 169 83 225 74 11 68 62 176 233 224 158 197 114 119 128 182 44 90 104 102 146 73 168 140 24 149 80 188 170 86 150 19 209 157 193 138 198 43 180 120 71 56 109 101 110 116 7 205 206 228 38 163 77 72 95 55 53 92 235 194 199 36 115 65 60 66 96 49 13 174 32 211 203 125 220 29 175 239 61 14 78 98 223 132 151 186 234 160 31 218 217 84 144 12 222 226 18 40 133 204 236 103 121 16 6 139 142 97 85 210 229 127 35 54 172 216 10 107 185 126 130 30 178 94 215 191 67 156 91 59 4 89 173 241 232 100 23 47 148 76 240 166 28 214 154 179 136 192 131 190 184 82 137 155 167 58 41 37 22 238 196 124 46 79 64 42 108 106 202 145 181 70 208 88 52 118 112 187 34 161 
147 177 69 63 0 39 45 141 1 8 87 159 201 189 134 231 17 50 135 93 57 165 219 51 237 212 207 183 15 171 129 221 213 2 27 123 81 195 152 9 164 105 200 143 75 122 33 26 117 99 162 48 21 111 20 230 113 3 153 5 236 227 169 83 225 74 11 68 62 176 233 224 158 197 161 119 128 182 44 72 104 41 146 155 168 140 24 149 80 188 170 86 203 107 209 185 137 125 198 43 180 120 71 56 109 101 110 116 7 205 206 228 38 163 174 90 95 199 53 92 235 194 204 36 167 65 61 66 96 55 13 77 32 211 150 145 220 29 175 239 60 14 78 98 223 132 151 186 234 160 31 218 217 84 144 12 222 226 18 40 133 139 25 103 121 16 6 49 142 102 85 210 229 127 35 54 172 216 10 19 157 126 130 30 178 94 215 191 67 156 91 59 4 89 173 241 232 100 23 47 148 76 240 166 28 214 154 179 136 192 131 190 184 82 193 73 115 106 97 37 22 238 196 124 46 79 64 42 108 52 202 138 118 70 208 88 187 58 112 181 34 114 
147 177 69 63 0 39 45 141 1 8 87 159 201 189 134 231 17 50 135 93 57 165 219 51 237 212 207 183 15 171 129 221 213 2 27 123 81 195 152 9 164 105 200 143 75 122 33 26 117 99 162 196 21 111 20 230 113 3 153 5 236 227 169 83 225 74 11 68 62 176 233 224 158 197 161 119 128 182 44 52 104 41 146 155 168 140 24 149 80 188 170 86 203 107 209 185 137 125 198 43 180 120 71 56 109 101 110 116 181 112 206 167 38 163 65 118 95 139 53 92 235 194 61 82 228 19 60 66 239 106 31 46 32 211 184 232 220 29 172 96 54 14 78 98 223 136 151 131 234 160 13 218 215 84 144 35 222 226 18 40 133 199 25 103 121 16 174 216 142 102 28 210 64 89 12 37 175 100 10 77 4 126 186 30 178 94 217 191 115 156 202 59 157 127 173 241 58 90 23 47 148 76 240 166 85 214 154 179 132 192 130 190 150 36 7 73 67 49 97 204 22 238 91 124 88 79 229 42 108 72 6 138 55 70 208 48 187 145 205 193 34 114 
147 177 69 63 0 39 45 141 1 8 87 159 201 189 134 231 17 50 135 93 57 165 219 51 237 212 207 183 15 171 129 221 213 2 27 123 81 195 152 9 164 105 200 143 75 122 33 26 117 99 162 48 21 111 20 230 113 3 153 5 236 227 169 83 225 74 11 68 62 176 233 224 158 197 161 119 128 182 44 72 104 41 146 155 168 140 24 149 80 188 170 86 203 107 209 185 137 125 198 43 180 131 71 56 109 101 110 116 181 112 206 167 38 163 77 49 95 139 53 92 235 194 61 36 228 65 60 66 239 55 31 6 32 211 150 145 220 29 172 96 54 14 78 98 223 132 151 186 234 160 13 218 217 84 144 35 222 226 18 40 133 199 25 103 121 16 174 90 142 102 28 210 229 127 12 204 175 216 10 19 126 157 120 30 178 94 215 191 115 156 91 59 4 89 173 241 100 58 23 47 148 76 240 166 85 214 154 179 136 192 130 190 184 82 7 73 67 118 97 37 22 238 196 124 46 79 64 42 108 106 202 138 52 70 88 208 232 187 205 193 34 114 
147 177 69 63 0 39 45 141 1 8 87 159 201 189 134 231 17 98 135 93 57 165 219 51 237 212 207 183 15 171 129 221 213 2 27 123 81 195 152 9 164 105 200 143 75 122 33 26 117 99 162 239 21 111 20 230 113 3 153 5 236 227 169 83 225 74 11 68 62 176 233 224 92 197 161 119 128 182 44 52 104 41 146 155 168 140 24 149 80 188 170 86 203 77 209 185 137 125 198 43 180 120 71 56 109 101 110 116 181 112 206 167 38 163 65 72 95 139 53 158 235 194 61 88 228 107 60 66 48 106 31 6 32 211 150 145 220 29 172 96 54 14 78 50 223 132 151 186 234 160 13 218 217 84 144 35 222 226 18 40 133 187 25 103 121 16 174 90 142 102 28 210 229 127 12 204 175 216 10 19 126 157 131 30 178 94 215 191 115 156 91 59 4 89 173 241 100 58 23 47 148 76 240 166 85 214 154 179 136 192 130 190 184 36 7 73 67 118 97 37 22 238 196 124 46 79 64 42 108 49 202 138 55 70 208 82 199 232 205 193 34 114 
147 177 69 63 0 39 45 141 1 8 87 159 201 189 134 231 234 50 135 93 57 165 219 51 237 212 207 183 15 171 129 221 213 2 27 123 81 195 152 9 164 105 200 143 75 122 33 26 117 99 162 48 21 111 20 230 113 3 153 5 236 227 169 83 225 74 11 68 62 176 233 224 158 197 161 119 128 182 44 72 104 41 146 155 168 140 24 149 80 188 170 86 203 107 209 185 137 125 198 43 180 120 71 56 109 101 110 116 181 112 206 167 38 163 77 49 95 139 53 92 235 194 61 36 228 65 60 66 239 55 31 6 32 211 150 145 220 29 172 96 54 14 78 98 223 132 151 186 17 160 13 218 217 84 144 35 222 226 18 40 133 199 25 103 121 16 174 90 142 102 28 210 229 127 12 204 175 216 10 19 126 157 131 30 178 94 215 191 115 156 91 59 4 89 173 241 100 58 23 47 148 76 240 166 85 214 154 179 136 192 130 190 184 82 7 73 67 118 97 37 22 238 196 124 46 79 64 42 108 106 202 138 52 70 88 208 232 187 205 193 34 114 
147 177 69 63 0 39 45 141 1 8 87 159 201 189 134 231 17 50 135 93 57 165 219 51 237 212 207 183 15 171 129 221 213 2 27 123 81 195 152 9 164 105 200 143 75 122 33 26 117 99 162 48 21 111 20 230 113 3 153 5 236 227 169 83 225 74 11 68 62 176 233 224 158 197 161 119 128 182 44 72 104 41 146 155 168 140 24 149 80 188 170 86 150 19 209 55 42 138 126 43 180 144 71 194 109 101 60 32 66 205 206 228 38 163 115 90 95 92 210 199 198 56 145 36 67 193 110 232 96 49 13 174 116 211 203 7 220 29 124 239 54 14 78 98 223 132 151 186 234 160 31 218 217 84 120 35 222 226 18 40 133 204 25 103 121 16 6 216 142 102 85 53 229 127 12 61 175 139 187 107 157 235 131 30 178 94 167 191 77 156 202 59 4 89 173 241 181 154 23 47 148 76 240 166 28 214 185 179 172 192 130 190 184 91 106 118 215 82 97 196 37 108 100 136 88 79 65 137 238 64 46 125 73 70 208 52 10 58 22 112 34 114 
147 177 69 63 0 39 45 141 1 8 87 159 201 189 134 231 17 50 135 93 57 165 219 51 237 212 207 183 15 171 129 221 213 2 27 123 81 195 152 9 164 105 200 143 75 122 33 26 117 99 162 48 21 111 20 230 113 3 153 5 236 227 169 83 225 74 11 68 62 43 233 224 92 197 161 119 128 182 44 90 104 41 146 240 168 140 24 149 80 188 170 86 203 19 209 185 137 125 198 176 180 120 71 56 109 101 110 116 193 205 206 228 38 163 174 72 95 199 53 158 235 194 204 36 167 65 61 66 96 55 13 77 32 211 150 145 220 29 175 239 60 14 78 98 223 132 151 186 234 160 31 218 215 84 144 12 222 226 18 40 133 139 25 107 121 16 6 58 142 102 85 210 229 89 35 54 172 216 10 103 157 126 130 30 178 88 138 191 67 156 91 59 4 127 173 241 100 49 23 47 148 76 155 166 28 214 154 179 136 192 131 190 184 82 7 73 115 118 97 37 22 238 196 124 46 79 64 42 108 106 202 217 52 70 94 208 232 187 112 181 34 114 
147 177 69 63 0 39 45 141 1 8 87 159 201 189 134 231 17 98 135 93 57 165 219 51 237 212 207 183 15 171 129 221 213 2 27 123 81 195 152 9 164 105 200 143 75 122 33 26 117 99 162 239 21 111 20 230 113 3 153 5 236 227 169 83 225 74 11 68 62 176 233 224 92 197 161 119 128 182 44 49 104 97 146 155 168 140 24 149 80 188 170 86 203 77 209 185 137 125 198 73 180 120 71 56 109 101 110 116 181 112 206 167 38 163 65 72 95 139 53 158 235 194 61 36 228 107 60 66 48 55 31 6 32 211 150 145 220 29 172 96 54 14 78 50 223 132 151 186 234 160 13 218 138 84 144 35 222 226 18 40 133 187 25 103 121 16 174 90 142 102 28 210 229 127 12 204 175 216 10 19 126 157 131 30 178 94 215 191 67 156 91 59 4 89 173 241 100 58 23 47 148 76 240 166 85 214 154 179 136 192 130 190 184 82 7 43 115 106 41 37 22 238 196 124 46 79 64 42 108 52 202 217 118 70 208 88 199 232 205 193 34 114 
147 177 69 63 0 39 45 141 1 8 87 159 201 189 153 231 17 50 135 93 57 165 219 51 237 212 207 183 15 171 129 221 213 2 27 123 81 195 152 9 164 105 200 143 75 122 33 26 117 99 162 48 21 111 20 230 113 3 134 5 236 227 169 83 225 74 11 68 62 176 233 224 158 197 161 119 128 182 44 72 104 41 146 155 168 140 24 149 80 188 170 86 150 19 209 55 42 138 126 43 180 144 71 194 109 101 60 32 66 205 206 228 38 163 115 90 95 92 210 199 198 56 145 36 67 193 110 232 96 49 13 174 116 211 203 7 220 29 124 239 54 14 78 98 223 132 151 186 234 160 31 218 217 84 120 35 222 226 18 40 133 204 25 103 121 16 6 216 142 102 85 53 229 127 12 61 175 139 187 107 157 235 131 30 178 94 167 191 77 130 202 59 4 89 173 241 58 118 23 47 148 76 240 166 28 214 154 179 136 192 156 190 184 82 181 73 215 106 97 100 22 238 91 172 88 79 64 137 108 52 46 125 185 70 208 196 10 37 112 65 34 114 
147 177 69 63 0 39 45 141 1 8 87 159 201 189 134 231 17 50 135 93 57 165 219 51 237 212 207 183 15 171 129 221 213 2 27 123 81 195 152 9 164 105 200 143 75 122 33 26 117 99 162 48 21 111 20 230 113 3 153 5 236 227 169 83 225 74 11 68 62 176 233 224 158 197 161 119 128 182 44 72 104 41 146 155 168 140 24 149 80 188 170 86 203 107 209 185 137 125 198 43 180 120 71 56 109 101 110 116 7 205 206 228 38 163 174 90 95 199 53 92 235 194 204 36 167 65 61 66 96 55 13 77 32 211 150 145 220 29 175 239 60 14 78 98 223 132 151 186 234 160 31 218 217 84 144 12 222 226 18 40 133 139 25 103 121 16 6 49 142 102 85 210 229 127 35 54 172 216 10 19 157 126 131 30 178 94 215 191 115 156 202 59 4 89 173 241 58 118 23 47 148 76 240 166 28 214 154 179 136 192 130 190 184 82 181 73 67 100 97 37 22 238 91 124 88 79 64 42 108 52 46 138 106 70 208 196 187 232 112 193 34 114 
147 177 69 63 0 39 45 141 1 8 87 159 201 189 134 231 17 50 135 93 57 165 219 51 237 212 207 183 15 171 129 221 213 2 27 123 81 195 152 9 164 105 200 143 75 122 33 26 117 99 162 106 21 111 20 230 113 3 153 5 236 227 169 83 225 74 11 68 62 176 233 224 158 197 161 119 128 182 44 52 104 41 146 155 168 140 24 149 80 188 170 86 203 107 209 185 137 125 198 43 180 120 71 56 109 101 110 116 181 112 206 167 38 163 65 64 95 139 53 92 235 194 61 82 228 77 60 66 239 55 31 6 32 211 184 145 220 29 172 96 54 14 78 98 223 136 151 186 173 160 13 218 215 84 144 12 222 226 37 40 133 126 25 103 121 16 174 58 142 102 28 210 196 89 35 90 175 100 10 19 4 199 131 30 178 94 217 191 115 156 202 59 157 127 234 241 232 204 23 47 148 76 240 166 85 214 154 179 132 192 130 190 150 36 7 73 67 48 97 18 22 238 229 124 46 79 49 42 108 72 91 138 118 70 208 88 187 216 205 193 34 114 
147 177 69 63 0 39 45 141 1 8 87 159 201 189 134 231 17 50 135 93 57 165 219 51 237 212 207 183 15 171 129 221 213 2 27 123 81 195 152 9 164 105 200 143 75 122 33 26 117 99 162 118 21 111 20 230 113 3 153 5 236 227 169 83 225 74 11 68 62 176 233 224 158 197 161 119 128 182 44 72 104 41 146 155 168 140 24 149 80 188 170 86 203 107 209 185 137 125 198 43 180 131 71 56 109 101 110 116 181 190 206 167 38 163 77 49 95 139 53 92 235 194 61 36 228 65 60 66 239 55 31 6 32 211 184 232 220 29 172 96 54 14 174 98 223 136 151 186 234 160 13 218 215 84 144 12 222 226 100 40 133 126 25 103 121 16 88 58 142 102 28 210 196 89 35 91 175 37 10 19 4 199 120 30 178 94 217 191 115 156 202 59 157 127 173 241 216 90 23 47 148 76 240 166 85 214 154 179 132 192 130 112 150 82 7 73 67 64 97 204 22 238 18 124 46 79 229 42 108 52 78 138 106 70 208 48 187 145 205 193 34 114 
147 177 69 63 0 39 45 141 1 8 87 159 201 189 134 231 17 98 135 93 57 165 219 51 237 212 207 183 15 171 129 221 213 2 27 123 81 195 152 9 164 105 200 143 75 122 33 26 117 99 162 48 21 111 20 230 113 3 153 5 236 227 169 83 225 74 11 68 62 43 233 224 92 197 114 119 128 182 44 49 104 97 146 73 168 140 24 149 80 188 170 86 203 107 209 185 137 125 198 176 180 120 71 56 109 101 110 116 193 205 206 228 38 163 6 72 95 199 53 158 235 194 54 36 167 65 61 66 96 55 31 77 32 211 150 145 220 29 172 239 60 14 78 50 223 132 151 186 234 160 13 218 187 84 144 35 222 226 18 40 133 138 25 103 121 16 174 90 142 102 28 210 229 127 12 204 175 216 10 19 126 157 131 30 178 94 215 191 67 156 91 59 4 89 173 241 100 58 23 47 148 76 155 166 85 214 154 179 136 192 130 190 184 82 181 240 115 106 41 88 22 238 196 124 46 79 64 42 108 52 202 217 118 70 208 37 139 232 112 7 34 161 
147 177 69 63 0 39 45 141 1 8 87 159 201 189 134 231 17 50 135 93 57 165 219 51 237 212 207 183 15 171 129 221 213 2 27 123 81 195 152 9 164 105 200 143 75 122 33 26 117 99 162 48 21 111 20 230 113 3 153 5 236 227 169 83 225 74 11 68 62 176 233 224 92 197 114 119 128 182 44 90 104 97 146 73 168 140 24 149 80 188 170 86 203 19 209 185 137 125 198 43 180 120 71 56 109 101 110 116 193 205 206 228 38 163 174 72 95 199 53 158 235 194 204 36 167 65 61 66 96 55 13 77 32 211 150 145 220 29 175 239 60 14 91 98 223 132 151 186 234 160 31 218 215 84 144 35 222 226 18 40 133 49 25 103 121 16 115 216 142 102 85 210 229 127 12 54 172 139 187 107 232 157 131 30 178 94 6 191 67 156 202 59 4 89 173 241 181 154 23 47 148 76 240 166 28 214 126 179 124 192 130 190 184 78 106 41 217 82 118 196 37 108 100 136 88 79 42 7 238 64 46 138 155 70 208 52 10 58 22 112 34 161 
147 177 69 63 0 39 45 141 1 8 87 159 201 189 134 231 17 50 135 93 57 165 219 51 237 212 207 183 15 171 129 221 213 2 27 123 81 195 152 9 164 105 200 143 75 122 33 26 117 99 162 118 21 111 20 230 113 3 153 5 236 227 169 83 225 74 11 68 62 176 233 224 158 197 161 119 128 182 44 52 104 41 146 155 168 140 24 149 80 188 170 86 203 107 209 185 137 125 198 43 180 120 71 56 109 101 110 116 181 112 206 167 38 163 65 64 95 139 53 92 235 194 61 82 228 77 60 66 239 106 31 88 32 211 184 232 220 29 172 96 54 14 174 98 223 136 151 186 234 160 13 218 215 84 144 12 222 226 100 40 133 126 25 103 121 16 6 58 142 102 28 210 196 89 35 91 175 37 10 19 4 199 131 30 178 94 217 191 115 156 202 59 157 127 173 241 216 90 23 47 148 76 240 166 85 214 154 179 132 192 130 190 150 36 7 73 67 48 97 18 22 238 229 124 46 79 49 42 108 72 204 138 55 70 208 78 187 145 205 193 34 114 
147 177 69 63 0 39 45 141 1 8 87 159 201 189 134 231 17 212 135 93 57 165 219 51 237 50 207 183 15 171 129 221 213 2 27 123 81 195 152 9 164 105 200 143 75 122 33 26 117 99 162 48 21 111 20 230 113 3 153 5 236 227 169 83 225 74 11 68 62 176 233 224 92 197 114 119 128 182 44 90 104 97 146 73 168 140 24 149 80 188 170 86 203 19 209 185 137 125 198 43 180 120 71 56 109 101 110 116 193 205 206 228 38 163 174 72 95 199 53 158 235 194 204 36 167 65 60 66 239 55 31 77 32 211 150 145 220 29 175 96 61 14 91 98 223 132 151 186 234 160 13 218 215 84 144 12 222 226 18 40 133 139 25 107 121 16 6 58 142 102 85 210 229 89 35 54 172 216 10 103 4 126 131 30 178 94 217 191 115 156 78 59 157 127 173 241 100 49 23 47 148 76 155 166 28 214 154 179 136 192 130 190 106 37 118 184 67 196 41 187 112 238 52 124 46 79 64 42 108 82 202 138 181 70 7 208 232 240 22 88 34 161 
147 177 69 63 0 39 45 141 1 8 87 159 201 189 134 231 17 50 135 93 57 165 219 51 237 212 207 183 15 171 129 221 213 2 27 123 81 195 152 9 164 105 200 143 75 122 33 26 117 99 162 239 21 111 20 230 113 3 153 5 236 227 169 83 225 74 11 68 62 176 233 224 92 197 161 119 128 182 44 49 104 41 146 155 168 140 24 149 80 188 170 86 203 77 209 185 137 125 198 43 180 120 71 56 109 101 110 116 181 112 206 167 38 163 65 72 95 139 53 158 126 194 90 36 138 107 60 66 48 55 31 6 32 211 150 145 220 29 172 96 54 14 78 98 223 132 151 186 234 160 13 218 215 84 144 12 222 226 18 40 133 235 25 103 121 16 174 61 142 102 28 210 196 89 35 91 175 37 10 19 4 199 131 30 178 94 217 191 115 156 202 59 157 127 173 241 216 58 23 47 148 76 240 166 85 214 154 179 136 192 130 190 184 82 7 73 67 118 97 100 22 238 229 124 46 79 64 42 108 52 204 228 106 70 208 88 187 232 205 193 34 114 
147 177 69 63 0 39 45 141 1 8 87 159 201 189 134 231 17 50 135 93 57 165 219 51 237 212 207 183 15 171 129 221 213 2 27 123 81 195 152 9 164 105 200 143 75 122 33 26 117 99 162 48 21 111 20 230 113 3 153 5 25 227 169 83 225 74 11 68 62 176 233 224 158 197 114 119 128 182 44 90 104 97 146 73 168 140 24 149 80 188 170 86 150 19 209 157 193 138 198 43 180 120 71 56 109 101 110 116 7 205 206 228 38 163 77 72 95 139 53 92 126 194 61 36 115 103 60 66 239 55 31 6 32 211 203 216 220 29 172 96 54 14 78 98 223 132 151 186 234 160 13 218 217 84 144 35 222 226 18 40 133 199 236 65 121 16 174 49 142 102 28 210 229 127 12 204 175 145 10 107 185 235 131 30 178 94 215 191 67 156 91 59 4 89 173 241 100 58 23 47 148 76 155 166 85 214 154 179 136 192 130 190 184 82 137 240 167 106 41 37 22 238 196 124 46 79 64 42 108 52 202 125 118 70 208 88 187 232 112 181 34 161 
147 177 69 63 0 39 45 141 1 8 87 159 201 189 134 231 17 50 135 93 57 165 219 51 237 212 207 183 15 171 129 221 213 2 27 123 81 195 152 9 164 105 200 143 75 122 33 26 117 99 162 48 21 111 20 230 113 3 153 5 236 227 169 83 225 74 11 68 62 176 233 224 158 197 161 119 128 182 44 72 104 41 146 155 168 140 24 149 80 188 170 86 203 107 209 185 137 125 198 43 180 120 71 56 109 101 110 116 181 112 206 167 38 163 174 90 95 199 53 92 235 194 204 36 228 65 61 66 96 55 13 77 32 211 150 145 220 29 175 239 60 14 78 98 223 132 151 186 234 160 31 218 215 84 144 12 222 226 18 40 133 139 25 19 121 16 6 58 142 102 85 210 229 89 35 54 172 216 10 103 157 126 130 30 178 94 138 191 67 156 91 59 4 127 173 241 100 49 23 47 148 76 73 166 28 214 154 179 136 192 131 190 184 82 193 240 115 106 97 88 22 238 196 124 46 79 64 42 108 52 202 217 118 70 208 37 187 232 205 7 34 114 
147 177 69 63 0 39 45 141 1 8 87 159 201 189 134 231 17 50 135 93 57 165 219 51 237 212 207 183 15 171 129 221 213 2 27 123 81 195 152 9 164 105 200 143 75 122 33 26 117 99 162 48 21 111 20 230 113 3 153 5 236 227 169 83 225 74 11 68 62 176 233 224 158 197 161 119 128 182 44 72 104 41 146 155 168 140 24 149 80 188 170 86 203 107 209 185 137 125 198 43 180 120 71 56 109 101 110 116 7 205 206 228 38 163 174 90 95 199 53 92 235 194 204 36 167 65 61 66 96 55 13 77 32 211 150 145 220 29 175 239 60 14 78 98 223 132 151 186 234 160 31 218 217 84 144 12 222 226 18 40 133 139 25 103 121 16 115 216 142 102 85 210 229 127 35 54 172 49 187 19 157 126 131 30 178 94 215 191 67 156 91 59 4 89 173 241 232 100 23 47 148 76 240 166 28 214 58 179 136 192 130 190 184 82 193 73 6 106 97 37 22 238 196 124 46 79 64 42 108 52 202 138 118 70 208 88 10 154 112 181 34 114 
147 177 69 63 0 39 45 141 1 8 87 159 201 189 134 231 17 50 135 93 57 165 219 51 237 212 207 183 15 171 129 221 213 2 27 123 81 195 152 9 164 105 200 143 75 122 33 26 117 99 162 48 21 111 20 230 113 3 153 5 236 227 169 83 225 74 11 68 62 176 233 224 158 197 161 119 128 182 44 52 104 41 146 155 168 140 76 149 80 188 170 86 203 107 209 185 137 125 198 43 180 120 71 56 109 101 110 116 181 112 206 167 38 163 65 64 95 139 53 92 235 194 61 36 228 77 60 66 239 55 31 6 32 211 150 145 220 29 172 96 54 14 78 98 223 132 151 186 234 160 13 218 215 84 144 12 222 226 18 40 133 199 25 19 72 16 174 58 229 102 28 210 142 89 35 204 175 100 10 103 157 126 130 30 178 94 217 191 67 156 91 59 4 127 173 241 216 90 23 47 148 24 73 166 85 214 154 179 136 192 131 190 184 82 193 240 115 106 97 37 22 238 196 124 46 79 118 42 108 49 202 138 121 70 208 88 187 232 205 7 34 114 
147 177 69 63 0 39 45 141 1 8 87 159 201 189 134 231 17 50 135 93 57 165 219 51 237 212 207 183 15 171 129 221 213 2 27 123 81 195 152 9 164 105 200 143 75 122 33 26 117 99 162 48 21 111 20 230 113 3 153 5 236 227 169 83 225 74 11 68 62 176 233 224 158 197 161 119 128 182 44 72 104 41 146 155 168 140 24 149 80 188 170 86 203 107 209 185 137 125 198 43 180 120 71 56 109 101 110 116 181 112 206 167 38 163 65 64 95 139 53 92 235 194 61 82 228 77 60 66 239 106 31 88 32 211 184 232 220 29 172 96 54 14 174 98 223 136 151 131 234 160 13 218 215 84 144 35 222 226 18 40 133 199 25 103 121 16 78 216 142 102 28 210 118 89 12 37 175 100 10 19 4 126 186 30 178 94 217 191 115 156 202 59 157 127 173 241 58 90 23 47 148 76 240 166 85 214 154 179 132 192 130 190 150 36 7 73 67 49 97 204 22 238 91 124 46 79 229 42 108 52 6 138 55 70 208 196 187 145 205 193 34 114 
147 177 69 63 0 39 45 141 1 8 87 159 201 189 134 231 153 50 135 93 57 165 219 51 237 212 207 183 15 171 129 90 140 2 27 123 81 195 152 9 164 105 200 143 75 122 33 26 117 99 162 48 21 111 20 230 193 3 17 5 236 227 169 83 225 74 11 68 62 240 233 224 92 97 114 119 128 182 44 185 104 197 146 73 168 213 24 149 80 188 170 86 203 19 209 221 137 174 235 176 180 120 71 56 109 101 110 116 113 205 206 228 38 58 125 72 95 158 53 199 198 194 204 36 167 65 61 66 96 55 13 77 32 211 150 145 220 29 175 239 60 14 78 98 223 132 151 186 234 160 31 218 215 84 144 12 222 226 18 40 133 139 25 107 121 16 6 163 142 102 85 210 229 89 35 54 172 216 10 103 157 126 130 30 178 94 138 191 67 156 91 59 4 127 173 241 100 49 23 47 148 76 155 166 28 214 154 179 136 192 131 190 184 82 7 43 115 106 41 37 22 238 196 124 46 79 64 42 108 52 202 217 118 70 208 88 187 232 112 181 34 161 
147 177 69 63 0 39 45 141 1 8 87 159 201 189 134 231 17 50 135 93 57 165 219 51 237 212 207 183 15 171 129 221 213 2 27 123 81 195 152 9 164 105 200 143 75 122 33 26 117 99 162 239 21 111 20 230 113 3 153 5 236 227 169 83 225 74 11 68 62 176 233 224 92 197 161 119 128 182 44 49 104 41 146 155 168 140 24 149 80 188 170 86 203 77 209 185 137 125 198 43 180 120 71 56 109 101 110 116 181 112 206 167 38 163 65 72 95 139 53 158 126 194 90 36 138 107 60 66 48 55 31 6 32 211 150 145 220 29 172 96 54 14 78 98 223 132 151 186 234 160 13 218 215 84 144 12 222 226 18 40 133 199 25 88 121 16 19 58 142 102 28 210 64 89 35 37 175 100 10 103 4 235 131 30 178 94 217 191 115 156 202 59 70 127 173 241 216 61 23 47 148 76 240 166 85 214 154 179 136 192 130 190 184 82 7 73 67 196 97 204 22 238 91 124 46 79 229 42 108 52 174 228 106 157 208 118 187 232 205 193 34 114 
147 177 69 63 0 39 45 141 1 8 87 159 201 189 134 231 17 50 135 93 57 165 219 51 237 212 207 183 15 171 129 221 213 2 27 123 81 195 152 9 164 105 200 143 75 122 33 26 117 99 162 48 21 111 20 230 113 3 153 5 236 227 169 83 225 74 11 68 62 176 233 224 158 197 161 119 128 182 44 90 104 41 146 240 168 140 24 149 80 188 170 86 203 19 209 185 137 125 198 43 180 120 71 56 109 101 110 116 193 205 206 228 38 163 174 72 95 199 53 92 235 194 204 36 167 65 61 66 96 55 13 77 32 211 150 145 220 29 175 239 60 14 78 98 223 132 151 186 234 160 31 218 215 84 144 12 222 226 18 40 133 139 25 107 121 16 6 58 142 102 85 210 229 89 35 54 172 216 10 103 157 126 130 30 178 88 138 191 67 156 91 59 4 127 173 241 100 49 23 47 148 76 155 166 28 214 154 179 136 192 131 190 184 82 7 73 115 118 97 37 22 238 196 124 46 79 64 42 108 106 202 217 52 70 94 208 232 187 112 181 34 114 
147 177 69 63 0 39 45 141 1 8 87 159 201 189 134 231 17 50 135 93 57 165 219 51 237 212 207 183 15 171 129 221 213 2 27 123 81 195 152 9 164 105 200 143 75 122 33 26 117 99 162 239 21 111 20 230 113 3 153 5 236 227 169 83 225 74 11 68 62 176 233 224 92 197 161 119 128 182 44 49 104 41 146 155 168 140 24 149 80 188 170 86 203 19 209 157 193 138 198 43 180 120 71 56 109 101 110 116 7 205 206 228 38 163 174 72 95 199 53 158 235 194 204 36 167 65 61 66 96 55 13 77 32 211 150 145 220 29 175 54 48 14 78 98 223 132 151 186 234 160 31 218 217 84 144 12 222 226 18 40 133 139 25 103 121 16 107 90 142 102 28 210 229 127 35 60 172 216 10 6 126 185 131 30 178 94 215 191 115 156 91 59 4 89 173 241 100 58 23 47 148 76 240 166 85 214 154 179 136 192 130 190 184 82 181 73 67 118 97 37 22 238 196 124 46 79 64 42 108 106 202 125 52 70 88 208 232 187 112 137 34 114 
147 177 69 63 0 39 45 141 1 8 87 159 201 189 134 231 17 98 135 93 57 165 219 51 237 212 207 183 15 171 129 221 213 2 27 123 81 195 152 9 164 105 200 143 75 122 33 26 117 99 162 48 21 111 20 230 113 3 153 5 236 227 169 83 225 74 11 68 62 176 233 224 158 197 161 119 128 182 44 72 104 41 146 155 168 140 24 149 80 188 170 86 203 107 209 185 137 125 198 43 180 120 71 56 109 101 110 116 7 205 206 228 38 163 174 90 95 199 53 92 235 194 204 36 167 19 88 66 239 106 31 6 32 211 184 232 220 29 172 96 54 14 202 50 223 136 151 186 234 160 13 218 215 118 226 35 222 84 196 40 133 139 25 77 121 16 65 58 142 102 28 210 64 89 12 37 175 100 10 103 4 126 131 30 178 94 217 191 67 156 91 59 157 127 173 241 216 154 23 47 148 76 240 166 85 214 55 179 132 192 130 190 150 82 193 73 115 187 97 61 112 238 49 124 46 79 229 42 108 144 78 138 52 70 60 208 18 145 22 181 34 114 
147 177 69 63 0 39 45 141 1 8 87 159 201 189 134 231 17 50 135 93 57 165 219 51 237 212 207 183 15 171 129 221 213 2 27 123 81 195 152 9 164 105 200 143 75 122 33 26 117 99 162 48 21 111 20 230 113 3 153 5 25 227 169 83 225 74 11 68 62 176 233 224 158 197 161 119 128 182 44 72 104 41 146 155 168 140 24 149 80 188 170 86 203 107 209 185 137 125 198 43 180 120 71 56 109 101 110 116 181 112 206 167 38 163 65 64 95 139 53 92 235 194 61 82 228 77 60 66 239 106 31 88 32 211 184 232 220 29 172 96 54 14 174 98 223 136 151 131 234 160 13 218 215 84 144 35 222 226 18 40 133 199 236 103 121 16 78 216 142 102 28 210 118 89 12 37 175 100 10 19 4 126 186 30 178 94 217 191 115 156 202 59 157 127 173 241 58 90 23 47 148 76 240 166 85 214 154 179 132 192 130 190 150 36 7 73 67 49 97 204 22 238 91 124 46 79 229 42 108 52 6 138 55 70 208 196 187 145 205 193 34 114 
147 177 69 63 0 39 45 141 1 8 87 159 201 189 134 231 17 50 135 93 57 165 219 51 237 212 207 183 15 171 129 221 213 2 27 123 81 195 152 9 164 105 200 143 75 122 33 26 117 99 162 48 21 111 20 230 113 3 153 5 236 227 169 83 225 74 11 68 62 176 233 224 158 197 161 119 128 182 44 72 104 41 146 155 168 140 24 149 80 188 170 86 203 107 209 185 137 125 198 43 180 120 71 56 109 101 110 116 7 205 206 228 38 163 174 90 95 199 53 92 235 194 204 36 167 65 61 66 96 55 13 77 32 211 150 145 220 29 175 239 60 14 78 98 223 132 151 186 234 160 31 218 217 84 144 12 222 226 18 40 133 139 25 103 121 16 6 49 142 102 85 210 229 127 35 54 172 216 10 19 157 126 131 30 178 94 215 191 115 156 202 59 4 89 173 241 232 154 23 47 148 76 240 166 28 214 106 179 136 192 130 190 184 82 193 73 67 100 97 37 22 238 118 124 46 79 64 42 108 52 91 138 196 70 208 88 187 58 112 181 34 114 
147 177 69 63 0 39 45 141 1 8 87 159 201 189 134 231 17 98 135 93 57 165 219 51 237 212 207 183 15 171 129 221 213 2 27 123 81 195 152 9 164 105 200 143 75 122 33 26 117 99 162 48 21 111 20 230 7 3 153 5 236 157 169 79 225 74 11 68 62 43 233 224 92 102 114 119 128 182 44 49 104 197 146 73 168 140 24 149 80 188 170 86 203 19 209 55 42 138 126 176 180 120 71 194 109 101 60 116 66 205 206 228 38 163 115 72 95 158 210 199 198 56 113 36 67 193 110 232 239 216 31 6 32 211 150 145 220 29 172 96 54 14 78 50 223 132 151 186 234 160 13 218 217 84 144 35 222 226 18 40 133 187 25 103 121 16 174 90 142 97 85 53 229 127 12 61 175 139 204 107 227 235 131 30 178 94 167 191 77 156 202 59 4 89 173 241 181 154 23 47 148 76 240 166 28 214 185 179 124 192 130 190 184 91 106 118 215 82 41 196 37 108 100 136 88 83 65 137 238 64 46 125 155 70 208 52 10 58 22 112 34 161 
147 177 69 63 0 39 45 141 1 8 87 159 201 189 134 231 17 50 135 93 57 165 219 51 237 212 207 183 15 171 129 221 213 2 27 123 81 195 152 9 164 105 200 143 75 122 33 26 117 99 162 48 21 111 20 230 113 3 153 5 236 227 169 83 225 74 11 68 62 176 233 224 158 197 161 119 128 182 44 52 104 41 146 155 168 140 76 149 80 188 170 86 203 107 209 185 137 125 198 43 180 120 71 56 109 101 110 116 181 112 206 167 38 163 65 64 95 139 53 92 235 194 61 36 228 77 60 66 239 55 31 6 32 211 150 145 220 29 172 96 54 14 78 98 223 132 151 186 234 160 13 218 215 84 144 12 222 226 18 40 133 199 25 19 72 16 174 58 229 102 28 210 142 89 35 204 175 100 10 103 157 126 130 30 178 94 217 191 67 156 91 59 4 127 173 241 216 90 23 47 148 24 73 166 85 214 154 179 136 192 131 190 184 82 193 240 115 106 97 37 22 238 196 124 46 79 121 42 108 232 202 138 118 70 208 88 187 49 205 7 34 114 
147 177 69 63 0 39 45 141 1 8 87 159 201 189 153 231 17 98 135 93 57 165 219 51 237 212 207 183 15 171 129 221 213 2 27 123 81 195 152 9 164 105 200 143 75 122 33 26 117 99 162 239 21 111 20 230 113 3 134 5 236 227 169 83 225 74 11 68 62 176 233 224 158 197 161 119 128 182 44 92 104 41 146 77 168 140 24 149 80 188 170 86 203 73 209 185 137 125 198 43 180 120 71 56 109 101 110 116 181 205 206 167 38 163 65 72 95 139 53 49 235 194 61 88 228 19 60 66 48 187 31 6 32 211 150 145 220 29 175 96 204 14 78 50 223 132 151 186 234 160 13 218 217 84 144 12 222 226 18 40 133 199 25 103 121 16 174 90 142 102 85 210 229 127 35 54 172 216 10 107 157 126 130 30 178 94 215 191 67 156 91 59 4 89 173 241 100 58 23 47 148 76 155 166 28 214 154 179 136 192 131 190 184 82 7 240 115 106 97 37 22 238 52 124 46 79 64 42 108 55 202 138 118 70 36 208 232 196 112 193 34 114 
147 177 69 63 0 39 45 141 1 8 87 159 201 189 134 231 17 50 135 93 57 165 219 51 237 212 207 183 15 171 129 221 213 2 27 123 81 195 152 9 164 105 200 143 75 122 33 26 117 99 162 196 21 111 20 230 113 3 153 5 236 227 169 83 225 74 11 68 62 176 233 224 158 197 161 119 128 182 44 52 104 41 146 155 168 140 76 149 80 188 170 86 203 107 56 185 137 125 198 43 160 120 71 209 109 101 110 116 181 112 206 167 38 163 65 64 95 139 53 92 235 194 61 82 228 77 60 66 239 106 31 88 32 211 184 232 220 29 172 96 54 14 174 98 223 136 151 186 234 180 13 218 215 118 226 35 222 84 48 40 133 199 25 46 121 16 78 58 142 102 28 210 49 89 12 37 175 100 10 103 4 126 131 30 178 94 217 191 115 156 202 59 157 127 173 241 216 90 23 47 148 24 240 166 85 214 55 179 132 192 130 190 150 36 193 73 67 187 97 204 205 238 144 124 19 79 229 42 108 154 91 138 72 70 6 208 145 18 22 7 34 114 
147 177 69 63 0 39 45 141 1 8 87 159 201 189 134 231 17 50 135 93 57 165 219 51 237 212 207 183 15 171 129 221 213 2 27 123 81 195 152 9 164 105 200 143 75 122 33 26 117 99 162 196 21 111 20 230 113 3 153 5 236 227 169 83 225 74 11 68 62 176 233 224 158 197 161 119 128 182 44 52 104 41 146 155 168 140 76 149 80 188 170 86 203 107 56 185 137 125 198 43 160 120 71 209 109 101 110 116 181 112 206 167 38 163 65 64 95 139 53 92 235 194 61 82 228 77 60 66 239 106 31 88 32 211 184 232 220 29 172 96 54 14 174 98 223 136 151 186 234 180 13 218 215 118 226 35 222 84 48 40 133 199 25 46 121 16 202 58 142 102 28 210 49 89 12 37 175 100 10 103 4 126 131 30 178 94 217 191 115 156 78 59 157 127 173 241 145 154 23 47 148 24 240 166 85 214 55 179 132 192 130 190 150 36 193 73 67 187 97 204 205 238 144 124 19 79 229 42 108 90 91 138 72 70 6 208 216 18 22 7 34 114 
147 177 69 63 0 39 45 141 1 8 87 159 201 189 134 231 17 50 135 93 57 165 219 51 237 212 207 183 15 171 129 221 213 2 27 123 81 195 152 9 164 105 200 143 75 122 33 26 117 99 162 48 21 111 20 230 113 3 153 5 236 227 169 83 225 74 11 68 62 176 233 224 158 197 161 119 128 182 44 72 104 41 146 155 168 140 24 149 80 188 170 86 203 107 209 185 137 125 198 43 180 131 71 56 109 101 110 116 181 190 206 167 38 163 77 49 95 139 53 92 235 194 61 36 228 65 60 66 239 55 31 6 32 211 184 232 220 29 172 96 54 14 174 98 223 136 151 186 234 160 13 218 215 84 144 12 222 226 100 40 133 126 25 103 121 16 88 58 142 102 28 210 196 89 35 91 175 37 10 19 4 199 120 30 178 94 217 191 115 156 202 59 157 127 173 241 216 90 23 47 148 76 240 166 85 214 154 179 132 192 130 112 150 82 7 73 67 64 97 204 22 238 106 124 46 79 229 42 108 52 18 138 118 70 208 78 187 145 205 193 34 114 
147 177 69 63 0 39 45 141 1 8 87 159 201 189 134 231 17 98 135 93 57 165 219 51 237 212 207 183 15 171 129 221 213 2 27 123 81 195 152 9 164 105 200 143 75 122 33 26 117 99 162 48 21 111 20 230 113 3 153 5 236 227 169 83 225 74 11 68 62 176 233 224 158 197 161 119 128 182 44 52 104 41 146 155 168 140 76 149 80 188 170 86 203 107 56 185 137 125 198 43 180 120 71 209 109 101 110 116 181 112 206 167 38 163 65 64 95 139 53 92 235 194 54 36 228 6 61 66 96 55 31 77 32 211 150 145 220 29 172 239 60 14 78 50 223 132 151 186 234 160 13 218 187 84 144 35 222 226 18 40 133 138 25 103 121 16 174 90 142 102 28 210 229 127 12 204 175 216 10 19 126 157 131 30 178 94 215 191 67 156 91 59 4 89 173 241 100 58 23 47 148 24 73 166 85 214 154 179 136 192 130 190 184 82 193 240 115 106 97 88 22 238 196 124 46 79 72 42 108 49 202 217 118 70 208 37 199 232 205 7 34 114 
147 177 69 63 0 39 45 141 1 8 87 159 201 189 134 231 17 50 135 93 57 165 219 51 237 212 207 183 15 171 129 221 213 2 27 123 81 195 152 9 164 105 200 143 75 122 33 26 117 99 162 48 21 111 20 230 113 3 153 5 236 227 169 83 225 74 11 68 62 176 233 224 49 197 161 119 128 182 44 158 104 41 146 107 168 140 24 149 80 188 170 86 203 155 209 185 137 125 198 43 180 120 71 56 109 101 110 116 181 112 206 167 38 163 65 72 95 150 53 92 235 194 61 82 228 77 60 66 239 106 31 46 32 211 184 232 220 29 172 96 54 14 78 98 223 136 151 186 234 160 13 218 215 84 144 12 222 226 18 40 133 199 25 19 121 16 174 58 229 102 28 210 142 89 35 204 175 100 10 103 157 126 130 30 178 94 217 191 67 156 216 59 4 127 173 241 90 55 23 47 148 76 240 166 85 214 91 179 132 192 131 190 139 36 7 73 115 118 97 37 22 238 196 124 6 79 64 42 108 52 202 138 154 70 208 88 187 145 205 193 34 114 
147 177 69 63 0 39 45 141 1 8 87 159 201 189 153 231 17 98 135 93 57 165 219 51 237 212 207 183 15 171 129 221 213 2 27 123 81 195 152 9 164 105 200 143 75 122 33 26 117 99 38 239 21 111 20 230 113 3 134 5 236 227 169 83 225 74 11 68 62 176 233 224 158 197 161 119 128 182 44 90 104 97 146 73 168 140 24 149 80 188 170 86 203 19 209 185 137 125 198 43 180 120 71 56 109 101 110 116 193 205 206 228 162 163 174 72 95 139 53 49 235 194 61 88 167 77 60 66 48 187 31 6 32 211 150 145 220 29 175 96 204 14 78 50 223 132 151 186 234 160 13 218 217 84 144 12 222 226 18 40 133 199 25 103 121 16 65 92 142 102 85 210 229 127 35 54 172 216 10 107 157 126 130 30 178 94 215 191 67 156 91 59 4 89 173 241 100 58 23 47 148 76 155 166 28 214 154 179 136 192 131 190 184 82 7 240 115 106 41 37 22 238 52 124 46 79 64 42 108 55 202 138 118 70 36 208 232 196 112 181 34 114 
147 177 69 63 0 39 45 141 1 8 87 159 201 189 134 231 17 50 135 93 57 165 219 51 237 212 207 183 15 171 129 221 213 2 27 123 81 195 152 9 164 105 200 143 75 122 33 26 117 99 162 196 21 111 20 230 113 3 153 5 236 227 169 83 225 74 11 68 62 176 233 224 158 197 161 119 128 182 44 52 104 41 146 155 168 140 76 149 80 188 170 86 203 107 56 185 137 125 198 43 180 120 71 209 109 101 110 116 181 112 206 167 38 163 65 64 95 139 53 92 235 194 61 82 228 77 60 66 239 106 31 88 32 211 184 232 220 29 172 96 54 14 174 98 223 136 151 131 234 160 13 218 215 84 144 35 222 226 18 40 133 199 25 103 121 16 78 216 142 102 28 210 118 89 12 37 175 100 10 19 4 126 186 30 178 94 217 191 115 156 202 59 157 127 173 241 58 90 23 47 148 24 240 166 85 214 154 179 132 192 130 190 150 36 7 73 67 49 97 204 22 238 91 124 46 79 229 42 108 72 6 138 55 70 208 48 187 145 205 193 34 114 
147 177 69 63 0 39 45 141 1 8 87 159 201 189 134 231 17 98 135 93 57 165 219 51 237 212 207 183 15 171 129 221 213 2 27 123 81 195 152 9 164 105 200 143 75 122 33 26 117 99 162 239 21 111 20 230 113 3 153 5 236 227 169 83 225 74 11 68 62 176 233 224 92 197 161 119 128 182 44 90 104 41 146 155 168 140 24 149 80 188 170 86 203 77 209 185 137 125 198 43 180 120 71 56 109 101 110 116 7 205 206 167 38 163 65 72 95 199 53 158 235 194 61 36 228 107 60 66 48 55 31 174 32 211 150 145 220 29 175 96 204 14 78 50 223 132 151 186 234 160 13 218 217 84 144 12 222 226 18 40 133 139 25 103 121 16 6 49 142 102 85 210 229 127 35 54 172 216 10 19 157 126 130 30 178 94 215 191 67 156 91 59 4 89 173 241 232 100 23 47 148 76 240 166 28 214 154 179 136 192 131 190 184 82 193 73 115 106 97 37 22 238 196 124 46 79 64 42 108 52 202 138 118 70 208 88 187 58 112 181 34 114 
147 177 69 63 0 39 45 141 1 8 87 159 201 189 134 231 17 50 135 93 57 165 219 51 237 212 207 183 15 171 129 221 213 2 27 123 81 195 152 9 164 105 200 143 75 122 33 26 117 99 162 54 21 111 20 230 113 3 153 5 236 227 169 83 225 74 11 68 62 176 233 224 92 197 161 119 128 182 44 90 104 97 146 73 168 140 24 149 80 188 170 86 203 19 209 157 193 138 198 43 180 120 71 56 109 101 110 116 7 205 206 228 38 163 174 72 95 199 53 158 235 194 204 36 167 65 61 66 96 55 13 77 32 211 150 145 220 29 175 239 48 14 78 98 223 132 151 186 234 160 31 218 217 84 144 12 222 226 18 40 133 139 25 103 121 16 107 49 142 102 28 210 229 127 35 60 172 216 10 6 126 185 131 30 178 94 215 191 115 156 91 59 4 89 173 241 100 58 23 47 148 76 240 166 85 214 154 179 136 192 130 190 184 82 181 155 67 118 41 37 22 238 196 124 46 79 64 42 108 106 202 125 52 70 88 208 232 187 112 137 34 114 
147 177 69 63 0 39 45 141 1 8 87 159 201 189 134 231 17 98 135 93 57 165 219 51 237 212 207 183 15 171 129 221 213 2 27 123 81 195 152 9 164 105 200 143 75 122 33 26 117 99 162 239 21 111 20 230 113 3 153 5 236 227 169 83 225 74 11 68 62 176 233 224 158 197 161 119 128 182 44 52 104 41 146 155 168 140 76 149 80 188 170 86 203 107 209 185 137 125 198 43 180 120 71 56 109 101 110 116 181 112 206 167 38 163 77 49 95 139 53 92 235 194 61 82 228 65 60 66 118 55 31 88 32 211 184 232 220 29 172 96 54 14 174 50 223 136 151 186 234 160 13 218 215 84 144 12 222 226 100 40 133 126 25 103 121 16 6 58 142 102 28 210 196 89 35 91 175 37 10 19 4 199 131 30 178 94 217 191 208 156 202 59 157 127 173 241 216 90 23 47 148 24 240 166 85 214 154 179 132 192 130 190 150 36 7 73 67 64 97 204 22 238 18 124 46 79 229 42 108 72 78 138 106 70 115 48 187 145 205 193 34 114 
147 177 69 63 0 39 45 141 1 8 87 159 201 189 134 231 17 98 135 93 57 165 219 51 237 212 207 183 15 171 129 221 213 2 27 123 81 195 152 9 164 105 200 143 75 122 33 26 117 99 162 60 21 111 20 230 113 3 153 5 236 227 169 83 225 74 11 68 62 176 233 224 92 197 161 119 128 182 44 52 104 41 146 155 220 140 24 149 80 188 170 86 203 107 209 185 137 125 198 43 180 120 71 56 109 101 110 116 181 112 206 167 38 163 65 144 95 139 53 158 235 194 61 82 228 19 88 66 239 106 31 6 32 211 184 232 168 29 172 96 54 14 202 50 223 136 151 186 234 160 13 218 215 118 226 35 222 84 196 40 133 199 25 77 121 16 174 58 142 102 28 210 64 89 12 37 175 100 10 103 4 126 131 30 178 94 217 191 67 156 91 59 157 127 173 241 216 154 23 47 148 76 240 166 85 214 55 179 132 192 130 190 150 36 193 73 115 187 97 204 205 238 49 124 46 79 229 42 108 90 78 138 72 70 48 208 18 145 22 7 34 114 
147 177 69 63 0 39 45 141 1 8 87 159 201 189 134 231 17 50 135 93 57 165 219 51 237 212 207 183 15 171 129 221 213 2 27 123 81 195 152 9 164 105 200 143 75 122 33 26 117 99 162 48 21 111 20 230 113 3 153 5 25 227 169 83 225 74 11 68 62 176 233 224 158 197 114 119 128 182 44 90 104 97 146 73 168 140 24 149 80 188 170 86 150 19 209 55 42 138 126 43 180 120 71 194 109 101 60 32 66 205 206 228 38 163 115 72 95 92 210 199 198 56 145 36 67 193 110 232 96 49 13 174 116 211 203 7 220 29 124 239 54 14 78 98 223 132 151 186 234 160 31 218 217 84 144 35 222 226 18 40 133 204 236 103 121 16 6 216 142 102 85 53 229 127 12 61 175 139 187 107 157 235 131 30 178 94 167 191 77 156 202 59 4 89 173 241 181 154 23 47 148 76 240 166 28 214 185 179 136 192 130 190 184 82 10 155 65 106 41 37 22 238 52 172 46 79 64 137 108 58 91 125 118 70 88 208 215 196 112 100 34 161 
147 177 69 63 0 39 45 141 1 8 87 159 201 189 134 231 17 50 135 93 57 165 219 51 237 212 207 183 15 171 129 221 213 2 27 123 81 195 152 9 164 105 200 143 75 122 33 26 117 99 162 48 21 111 20 230 113 3 153 5 25 227 169 83 225 74 11 68 62 176 233 224 158 197 114 119 128 182 44 90 104 97 146 73 168 140 24 149 80 188 170 86 150 19 209 157 193 138 198 43 180 120 71 56 109 101 110 116 7 205 206 228 38 163 77 72 95 139 53 92 126 194 61 36 115 103 54 66 96 49 13 6 32 211 203 145 220 29 175 239 60 14 78 98 223 132 151 186 234 160 31 218 217 84 144 12 222 226 18 40 133 199 236 65 121 16 174 55 142 102 85 210 229 127 35 204 172 216 10 107 185 235 130 30 178 94 215 191 67 156 91 59 4 89 173 241 232 100 23 47 148 76 240 166 28 214 58 179 136 192 131 190 184 82 137 155 167 154 41 37 22 238 196 124 46 79 64 42 108 106 202 125 181 70 208 88 52 118 112 187 34 161 
147 177 69 63 0 39 45 141 1 8 87 159 201 189 134 231 17 50 135 93 57 165 219 51 237 212 207 183 15 171 129 221 213 2 27 123 81 195 152 9 164 105 200 143 75 122 33 26 117 99 162 196 21 111 20 230 113 3 153 5 236 227 169 83 225 74 11 68 62 176 233 224 158 197 161 119 128 182 44 52 104 41 146 155 168 140 76 149 80 188 170 86 203 107 56 185 137 125 198 43 160 120 71 209 109 101 110 116 181 112 206 167 38 163 65 64 95 139 53 92 235 194 61 82 228 77 60 66 239 106 31 88 32 211 184 232 220 29 172 96 54 14 174 98 223 136 151 186 234 180 13 218 215 118 226 35 222 84 48 40 133 199 25 46 121 16 202 58 142 102 28 210 49 89 12 37 175 100 10 103 4 126 131 30 178 94 217 191 115 156 78 59 157 127 173 241 216 90 23 47 148 24 240 166 85 214 154 179 132 192 130 190 150 36 7 73 67 144 97 204 22 238 91 124 19 79 229 42 108 72 6 138 55 70 208 18 187 145 205 193 34 114 
